Starting safe torque test on base joint...
RTDE control script running: True
[-0.11719960719347, 0.9743528962135315, 2.6071953773498535, 0.39248377084732056, -0.15680833160877228, 0.011156685650348663]
[-0.12910687923431396, 0.944004237651825, 2.630537509918213, 0.3778696060180664, -0.14052492380142212, 0.020192250609397888]
[-0.12910687923431396, 0.944004237651825, 2.630537509918213, 0.3778696060180664, -0.14052492380142212, 0.020192250609397888]
[-0.2634151875972748, 0.9119749665260315, 2.6258127689361572, 0.39144620299339294, -0.14610160887241364, 0.012497052550315857]
[-0.24784725904464722, 0.939566969871521, 2.5589113235473633, 0.4036202132701874, -0.15464651584625244, 0.0050733983516693115]
[-0.24784725904464722, 0.939566969871521, 2.5589113235473633, 0.4036202132701874, -0.15464651584625244, 0.0050733983516693115]
[-0.20719414949417114, 0.868328332901001, 2.6426331996917725, 0.3809281885623932, -0.13949084281921387, 0.013891801238059998]
[-0.20719414949417114, 0.868328332901001, 2.6426331996917725, 0.3809281885623932, -0.13949084281921387, 0.013891801238059998]
[-0.11981914192438126, 0.8980101346969604, 2.6260316371917725, 0.38917234539985657, -0.155142679810524, 0.014085665345191956]
[-0.11981914192438126, 0.8980101346969604, 2.6260316371917725, 0.38917234539985657, -0.155142679810524, 0.014085665345191956]
[-0.1323229819536209, 0.9807614088058472, 2.607164144515991, 0.37437132000923157, -0.15607918798923492, 0.031676143407821655]
[-0.1323229819536209, 0.9807614088058472, 2.607164144515991, 0.37437132000923157, -0.15607918798923492, 0.031676143407821655]
[-0.08049961179494858, 0.8162180185317993, 2.607822895050049, 0.4022078812122345, -0.1433800905942917, 0.01828545331954956]
[-0.17139707505702972, 0.9512221217155457, 2.582714080810547, 0.3854527771472931, -0.16107378900051117, 0.034465521574020386]
[-0.1571013629436493, 0.8451604843139648, 2.589433193206787, 0.3639734387397766, -0.14545804262161255, 0.029518961906433105]
[-0.12752634286880493, 0.9242464303970337, 2.585184335708618, 0.37799203395843506, -0.14054876565933228, 0.016299039125442505]
[-0.08889572322368622, 0.876610279083252, 2.635233163833618, 0.3802103102207184, -0.17024850845336914, 0.025094181299209595]
[-0.1327686905860901, 0.8292797803878784, 2.587418794631958, 0.3957628309726715, -0.16424578428268433, -0.003946714103221893]
[-0.16631129384040833, 0.932310938835144, 2.617252826690674, 0.37908515334129333, -0.16815857589244843, 0.010908432304859161]
[-0.12506034970283508, 0.8872203826904297, 2.6653013229370117, 0.41441550850868225, -0.1602112352848053, 0.016050904989242554]
[-0.1554630696773529, 0.9468545913696289, 2.61076021194458, 0.354173481464386, -0.14636829495429993, 0.03173226863145828]
[-0.15956874191761017, 0.8535119295120239, 2.6760549545288086, 0.3806074857711792, -0.18000701069831848, 0.027080558240413666]
[-0.08417683839797974, 0.8847125172615051, 2.5804648399353027, 0.37459197640419006, -0.16704097390174866, 0.019364088773727417]
[-0.07945799827575684, 0.9161437749862671, 2.659484386444092, 0.38129177689552307, -0.14351344108581543, 0.02486533671617508]
[-0.17933577299118042, 0.8374007344245911, 2.6332180500030518, 0.39049750566482544, -0.1594940423965454, 0.049014121294021606]
[-0.09922393411397934, 0.9058578014373779, 2.5937047004699707, 0.3902873694896698, -0.15792596340179443, 0.011403165757656097]
[-0.1544043868780136, 0.8663804531097412, 2.59100079536438, 0.40159013867378235, -0.14892038702964783, -0.0014986097812652588]
[-0.2197737991809845, 0.9477257132530212, 2.5697178840637207, 0.390850692987442, -0.1551429033279419, 0.03855261951684952]
[-0.11286623030900955, 0.8532248735427856, 2.6208510398864746, 0.384581059217453, -0.15853369235992432, 0.03166242688894272]
[-0.2119118869304657, 0.9115094542503357, 2.634777784347534, 0.38073980808258057, -0.17503610253334045, 0.02954038232564926]
[-0.2176760733127594, 0.8995108604431152, 2.6278185844421387, 0.3939194083213806, -0.18027591705322266, 0.029235705733299255]
[-0.08972478657960892, 0.8864110112190247, 2.654092788696289, 0.40577375888824463, -0.1694236397743225, 0.039674147963523865]
[-0.08972478657960892, 0.8864110112190247, 2.654092788696289, 0.40577375888824463, -0.1694236397743225, 0.039674147963523865]
[-0.18008597195148468, 0.8802567720413208, 2.611435890197754, 0.3904533088207245, -0.16911901533603668, 0.018037334084510803]
[-0.22299253940582275, 0.9593243598937988, 2.6058154106140137, 0.38080552220344543, -0.16617822647094727, 0.013961732387542725]
[-0.1446736454963684, 0.919230580329895, 2.5921292304992676, 0.37620261311531067, -0.1729103922843933, -0.000406607985496521]
[-0.11143747717142105, 0.8811222314834595, 2.607844829559326, 0.3928264081478119, -0.16408829391002655, 0.013618379831314087]
[-0.1498391479253769, 0.9198276996612549, 2.644397497177124, 0.3777933418750763, -0.17151382565498352, 0.03990478813648224]
[-0.17012479901313782, 0.9186893701553345, 2.6143507957458496, 0.38225194811820984, -0.17169493436813354, 0.03499896824359894]
[-0.10731514543294907, 0.9131139516830444, 2.6006710529327393, 0.38258305191993713, -0.1953200399875641, 0.031129002571105957]
[-0.06965037435293198, 0.9422727823257446, 2.615441083908081, 0.39085057377815247, -0.16077102720737457, 0.002101622521877289]
[-0.13606137037277222, 0.8022674918174744, 2.630929470062256, 0.37291476130485535, -0.16612841188907623, 0.009195476770401001]
[-0.2652250826358795, 0.9577010273933411, 2.6136765480041504, 0.38771572709083557, -0.1758270263671875, 0.015550360083580017]
[-0.1419002115726471, 0.870997428894043, 2.6336398124694824, 0.40887513756752014, -0.17373710870742798, -0.0015083402395248413]
[-0.1452728509902954, 0.8588196039199829, 2.6035943031311035, 0.3690296709537506, -0.16277530789375305, 0.01689860224723816]
[-0.15979748964309692, 0.9228397607803345, 2.575775623321533, 0.3843824565410614, -0.20019322633743286, 0.024318471550941467]
[-0.2506960332393646, 0.8618497848510742, 2.5647621154785156, 0.37880781292915344, -0.16643331944942474, 0.01801200956106186]
[-0.12498167902231216, 0.9303820133209229, 2.5533103942871094, 0.4004311263561249, -0.15968918800354004, 0.03743921220302582]
[-0.20457547903060913, 0.8445624113082886, 2.606511116027832, 0.4015680253505707, -0.163151815533638, 0.030585825443267822]
[-0.2458224594593048, 0.9226229786872864, 2.62263560295105, 0.3747359812259674, -0.15229976177215576, 0.014108985662460327]
[-0.20524732768535614, 0.8669402599334717, 2.6486597061157227, 0.36679962277412415, -0.17775970697402954, 0.002691410481929779]
[-0.30999937653541565, 0.9438474178314209, 2.651395320892334, 0.38315674662590027, -0.15769681334495544, 0.013610482215881348]
[-0.1447504311800003, 0.8496152758598328, 2.619295358657837, 0.37426143884658813, -0.15874075889587402, 0.029485896229743958]
[-0.19079965353012085, 0.9199835062026978, 2.578918933868408, 0.3697902262210846, -0.16848739981651306, 0.03687085956335068]
[-0.2256878912448883, 0.8649171590805054, 2.6314213275909424, 0.39816805720329285, -0.14783862233161926, 0.047904931008815765]
[-0.2256878912448883, 0.8649171590805054, 2.6314213275909424, 0.39816805720329285, -0.14783862233161926, 0.047904931008815765]
[-0.2023974061012268, 0.8857939839363098, 2.6210601329803467, 0.40820127725601196, -0.1698601245880127, 0.037483975291252136]
[-0.060443468391895294, 0.9771139621734619, 2.6109867095947266, 0.3765356242656708, -0.1850874125957489, -0.005025200545787811]
[-0.08926554769277573, 0.8827639818191528, 2.5842583179473877, 0.3848016560077667, -0.14884912967681885, 0.009490326046943665]
[-0.1692967712879181, 0.9141949415206909, 2.616826057434082, 0.38060733675956726, -0.16000398993492126, 0.012780241668224335]
[-0.2500987648963928, 0.9835929274559021, 2.5795841217041016, 0.38512250781059265, -0.14536026120185852, 0.03858565539121628]
[-0.14542514085769653, 0.8941833972930908, 2.5963680744171143, 0.3677821457386017, -0.16202229261398315, -0.0028469115495681763]
[-0.17567411065101624, 0.9303815364837646, 2.589247703552246, 0.3955966532230377, -0.18936508893966675, 0.027897387742996216]
[-0.20330369472503662, 0.9033498167991638, 2.6163699626922607, 0.3680570423603058, -0.15415818989276886, 0.025648921728134155]
[-0.13030126690864563, 0.9027894735336304, 2.6098718643188477, 0.38835564255714417, -0.185135155916214, 0.029769301414489746]
[-0.14908680319786072, 0.8725343346595764, 2.6361231803894043, 0.36609408259391785, -0.1550830900669098, 0.01772686094045639]
[-0.1671377420425415, 0.8512568473815918, 2.6208460330963135, 0.38842275738716125, -0.15451118350028992, 0.028428800404071808]
[-0.24478211998939514, 0.8106034994125366, 2.5764236450195312, 0.3998030424118042, -0.16742955148220062, 0.021053627133369446]
[-0.15388351678848267, 0.9398713707923889, 2.624246120452881, 0.3705308437347412, -0.15849797427654266, 0.008681505918502808]
[-0.15320903062820435, 0.9440212249755859, 2.6004490852355957, 0.4018435776233673, -0.15363642573356628, 0.023538529872894287]
[-0.18607807159423828, 1.0197341442108154, 2.6134233474731445, 0.3971762955188751, -0.1423601359128952, 0.018848136067390442]
[-0.18607807159423828, 1.0197341442108154, 2.6134233474731445, 0.3971762955188751, -0.1423601359128952, 0.018848136067390442]
[-0.15328587591648102, 0.9061859250068665, 2.5957298278808594, 0.3814806640148163, -0.17981389164924622, 0.017773360013961792]
[-0.14428848028182983, 0.8805420398712158, 2.5723953247070312, 0.3865475356578827, -0.1719023585319519, 0.03198843449354172]
[-0.12431014329195023, 0.8373619914054871, 2.5662906169891357, 0.36943796277046204, -0.1461992710828781, 0.0462011843919754]
[-0.1174130067229271, 0.8677302598953247, 2.6356379985809326, 0.39447200298309326, -0.16491329669952393, 0.0009881332516670227]
[-0.253085732460022, 0.9526463747024536, 2.5957298278808594, 0.39415112137794495, -0.1657399982213974, 0.01468704640865326]
[-0.2334747314453125, 0.8841890096664429, 2.6181492805480957, 0.3758620619773865, -0.1694597601890564, 0.047923967242240906]
[-0.1695282906293869, 0.8832677602767944, 2.5721750259399414, 0.41026565432548523, -0.16231319308280945, 0.027047663927078247]
[-0.11413546651601791, 0.9013640880584717, 2.591912031173706, 0.37832388281822205, -0.15620039403438568, 0.025957316160202026]
[-0.2071172147989273, 0.9076123237609863, 2.644650936126709, 0.3684786260128021, -0.16812288761138916, -0.006421986967325211]
[-0.16900739073753357, 0.8697019815444946, 2.589223861694336, 0.3893831968307495, -0.14822712540626526, 0.010557115077972412]
[-0.13232453167438507, 0.8732690811157227, 2.584975481033325, 0.3962932527065277, -0.18951041996479034, 0.030098900198936462]
[-0.20644165575504303, 0.9709979295730591, 2.574418306350708, 0.38662347197532654, -0.16646918654441833, 0.01793229579925537]
[-0.12611857056617737, 0.8902126550674438, 2.610520839691162, 0.398777037858963, -0.1644529551267624, 0.013346701860427856]
[-0.2210448980331421, 0.8446373343467712, 2.6143312454223633, 0.3878273069858551, -0.16254442930221558, 0.01306530088186264]
[-0.1817435771226883, 0.8710715174674988, 2.605358123779297, 0.37963739037513733, -0.15618877112865448, 0.01498374342918396]
[-0.22081437706947327, 0.8796969652175903, 2.6502418518066406, 0.4023410677909851, -0.14132608473300934, 0.010599896311759949]
[-0.2819858193397522, 0.9718636274337769, 2.5898756980895996, 0.38163527846336365, -0.18783490359783173, 0.008116848766803741]
[-0.17095306515693665, 0.8686011433601379, 2.6228761672973633, 0.3863811194896698, -0.14958789944648743, 0.002043291926383972]
[-0.2937410771846771, 0.7947796583175659, 2.6172776222229004, 0.3765464127063751, -0.15095102787017822, 0.02760036289691925]
[-0.1938648372888565, 0.9056073427200317, 2.6444153785705566, 0.38182199001312256, -0.161293163895607, 0.009511575102806091]
[-0.30497175455093384, 0.8765531182289124, 2.6251635551452637, 0.4038426876068115, -0.1704917848110199, 0.0037385374307632446]
[-0.13217097520828247, 0.8729812502861023, 2.6302671432495117, 0.404096394777298, -0.15304091572761536, 0.022382162511348724]
[-0.20247425138950348, 0.9298021793365479, 2.6228904724121094, 0.389228492975235, -0.17924195528030396, 0.005664914846420288]
[-0.16488631069660187, 0.9177669286727905, 2.614325523376465, 0.3906308114528656, -0.16571617126464844, 0.004834748804569244]
[-0.06306181102991104, 0.850753903388977, 2.641500234603882, 0.38370904326438904, -0.15961557626724243, 0.0023516863584518433]
[-0.18892818689346313, 0.8432663679122925, 2.621760606765747, 0.39657941460609436, -0.1599801480770111, -0.006965219974517822]
[-0.1651168167591095, 0.950120210647583, 2.6096348762512207, 0.3994602859020233, -0.15764708817005157, 0.018556930124759674]
[-0.1315721869468689, 0.919230580329895, 2.594571113586426, 0.3787206709384918, -0.15786635875701904, 0.0037115365266799927]
[-0.16473162174224854, 0.8317872881889343, 2.5950708389282227, 0.37472495436668396, -0.15402516722679138, -0.006672229617834091]
[-0.1333651840686798, 0.9740656614303589, 2.611908197402954, 0.3884665071964264, -0.157013401389122, 0.0210418701171875]
[-0.16384199261665344, 0.7983328700065613, 2.5930490493774414, 0.3590293824672699, -0.1586429476737976, 0.010056689381599426]
[-0.19064602255821228, 0.9119932055473328, 2.6123251914978027, 0.3816232979297638, -0.17173101007938385, 0.0004467815160751343]
[-0.12581011652946472, 0.8532241582870483, 2.629843235015869, 0.3959837853908539, -0.17400416731834412, 0.005891859531402588]
[-0.18195591866970062, 0.8465101718902588, 2.593040943145752, 0.4165360927581787, -0.15445145964622498, 0.010817043483257294]
[-0.22875311970710754, 0.9267165660858154, 2.5914671421051025, 0.39393043518066406, -0.18225640058517456, 0.013356462121009827]
[-0.16900750994682312, 0.8791178464889526, 2.6343274116516113, 0.3978821635246277, -0.16096436977386475, 0.002588421106338501]
[-0.18810167908668518, 0.9628955125808716, 2.5804600715637207, 0.36831244826316833, -0.15058638155460358, -0.0017337799072265625]
[-0.17207157611846924, 0.9273326396942139, 2.5528831481933594, 0.37874260544776917, -0.15900780260562897, 0.02372071146965027]
[-0.21430425345897675, 0.8822607398033142, 2.6125431060791016, 0.408334344625473, -0.1603088676929474, 0.024081707000732422]
[-0.1788918673992157, 0.8187804222106934, 2.560692310333252, 0.3871426284313202, -0.16814672946929932, 0.02181386947631836]
[-0.143479585647583, 0.8532252311706543, 2.572401523590088, 0.3763256371021271, -0.14690452814102173, 0.01797696202993393]
[-0.15567395091056824, 0.8988566398620605, 2.632296562194824, 0.39357709884643555, -0.18596217036247253, 0.006186746060848236]
[-0.2140738070011139, 0.9192307591438293, 2.602212429046631, 0.38789287209510803, -0.17327500879764557, 0.029767155647277832]
[-0.054910846054553986, 0.8059321641921997, 2.580944061279297, 0.37856611609458923, -0.16543717682361603, 0.02485738694667816]
[-0.15717656910419464, 0.880506157875061, 2.6033637523651123, 0.39201119542121887, -0.16994577646255493, 0.022960349917411804]
[-0.21767522394657135, 0.878576934337616, 2.585883140563965, 0.40140244364738464, -0.14672133326530457, 0.036067597568035126]
[-0.19678907096385956, 0.9317508935928345, 2.617483139038086, 0.37401875853538513, -0.16013763844966888, 0.013631835579872131]
[-0.12558120489120483, 0.9259448051452637, 2.61993670463562, 0.399571031332016, -0.1803717464208603, 0.02345891296863556]
[-0.16443976759910583, 0.8917132616043091, 2.595745325088501, 0.3870989978313446, -0.17438067495822906, 0.029020383954048157]
[-0.10791408270597458, 0.8741021156311035, 2.5845119953155518, 0.38714298605918884, -0.1583741158246994, 0.019123509526252747]
[-0.05662427097558975, 0.9198279976844788, 2.594806432723999, 0.3774189054965973, -0.1626538634300232, 0.04209296405315399]
[-0.15710240602493286, 0.9075192809104919, 2.646703004837036, 0.37005525827407837, -0.148410826921463, 0.03278746455907822]
[-0.1929752379655838, 0.9667729139328003, 2.59751033782959, 0.3742172420024872, -0.16328546404838562, 0.033978648483753204]
[-0.20366685092449188, 0.8648989200592041, 2.599092483520508, 0.39155763387680054, -0.17728355526924133, 0.023777082562446594]
[-0.23819229006767273, 0.923182487487793, 2.576453685760498, 0.3907518684864044, -0.1881018429994583, 0.014675438404083252]
[-0.16840973496437073, 0.8750242590904236, 2.615460157394409, 0.39666828513145447, -0.15545952320098877, -0.0033900514245033264]
[-0.148198202252388, 0.9034439325332642, 2.583611011505127, 0.3968230187892914, -0.1750859171152115, 0.040777772665023804]
[-0.1291067749261856, 0.8958824276924133, 2.6060614585876465, 0.38383159041404724, -0.1587887853384018, -0.0022901222109794617]
[-0.08620128780603409, 0.9370960593223572, 2.6013665199279785, 0.3516463339328766, -0.16293279826641083, 0.005632176995277405]
[-0.16534572839736938, 0.8879925608634949, 2.6219515800476074, 0.3743719458580017, -0.1624942123889923, 0.030903950333595276]
[-0.08957015722990036, 0.9117071628570557, 2.522573947906494, 0.38601788878440857, -0.15229973196983337, 0.01988595724105835]
[-0.08957015722990036, 0.9117071628570557, 2.522573947906494, 0.38601788878440857, -0.15229973196983337, 0.01988595724105835]
[-0.09421592950820923, 0.9166855216026306, 2.564746379852295, 0.37521126866340637, -0.1684136986732483, 0.016660042107105255]
[-0.09421593695878983, 0.8627716302871704, 2.578660726547241, 0.3946051299571991, -0.15231168270111084, 0.024013832211494446]
[-0.11585170775651932, 0.8161993026733398, 2.5818259716033936, 0.3825300931930542, -0.17329883575439453, -0.0009069181978702545]
[-0.1231137290596962, 0.9041451215744019, 2.5950427055358887, 0.38878798484802246, -0.131810262799263, 0.01278221607208252]
[-0.0922708660364151, 0.9045637845993042, 2.5667757987976074, 0.3923080861568451, -0.17399217188358307, 0.004291743040084839]
[-0.12513822317123413, 0.8980852365493774, 2.6211113929748535, 0.38549843430519104, -0.1683400273323059, 0.006210193037986755]
[-0.21624916791915894, 0.7987505197525024, 2.5638508796691895, 0.36771711707115173, -0.16598311066627502, 0.009498298168182373]
[-0.21684685349464417, 0.8465480804443359, 2.5898823738098145, 0.38032177090644836, -0.1658494472503662, 0.015015095472335815]
[-0.14423254132270813, 0.9672585129737854, 2.576204299926758, 0.404360830783844, -0.14969968795776367, 0.020950764417648315]
[-0.23788490891456604, 0.8543634414672852, 2.613431215286255, 0.3955095112323761, -0.17013874650001526, 0.0015449747443199158]
[-0.11712277680635452, 0.9660385847091675, 2.610506057739258, 0.37691137194633484, -0.14783860743045807, 0.016896739602088928]
[-0.0957159623503685, 0.8997786045074463, 2.5683417320251465, 0.3992399275302887, -0.16238683462142944, 0.01742228865623474]
[-0.12850821018218994, 0.9139983654022217, 2.6208462715148926, 0.3781795799732208, -0.15124183893203735, 0.03168393671512604]
[-0.028402497991919518, 0.8816827535629272, 2.6166038513183594, 0.36978089809417725, -0.16272753477096558, 0.014132365584373474]
[-0.19604060053825378, 0.8112214803695679, 2.6942453384399414, 0.3884565532207489, -0.167100727558136, 0.00651492178440094]
[-0.14983825385570526, 0.9136178493499756, 2.621065855026245, 0.3765465021133423, -0.17207174003124237, 0.010307133197784424]
[-0.23407238721847534, 0.8938980102539062, 2.5679187774658203, 0.38531002402305603, -0.16465815901756287, 0.03172080218791962]
[-0.19790659844875336, 0.8638171553611755, 2.6446585655212402, 0.40103915333747864, -0.17785724997520447, -0.0022880397737026215]
[-0.1381620466709137, 0.8939356803894043, 2.627814292907715, 0.37873250246047974, -0.17541468143463135, 0.008635222911834717]
[-0.08664437383413315, 0.8285087943077087, 2.603379249572754, 0.4059732258319855, -0.15613889694213867, 0.00979708880186081]
[-0.0559525191783905, 0.8874899744987488, 2.598205804824829, 0.39053040742874146, -0.16247037053108215, -0.01191362738609314]
[-0.14280402660369873, 0.8994746208190918, 2.5939197540283203, 0.3796476423740387, -0.17292232811450958, 0.017420589923858643]
[-0.1697600781917572, 0.8228965997695923, 2.5975241661071777, 0.3760606348514557, -0.1637476086616516, 0.017174139618873596]
[-0.11300172656774521, 0.9315223693847656, 2.6408262252807617, 0.38355472683906555, -0.153295636177063, 0.024308890104293823]
[-0.1843622624874115, 0.9306519031524658, 2.6166129112243652, 0.3779050409793854, -0.14678305387496948, 0.011442065238952637]
[-0.2709846794605255, 0.8744843006134033, 2.6163864135742188, 0.37070757150650024, -0.19704535603523254, 0.016136586666107178]
[-0.1479695439338684, 0.9770975708961487, 2.6145761013031006, 0.3825620412826538, -0.17326299846172333, 0.02672956883907318]
[-0.22434064745903015, 0.8827663660049438, 2.6228995323181152, 0.3972522020339966, -0.16447673738002777, 0.0212574303150177]
[-0.11712119728326797, 0.8292250633239746, 2.5860815048217773, 0.4018653929233551, -0.18273040652275085, 0.03613585978746414]
[-0.15074275434017181, 0.8532450199127197, 2.586308717727661, 0.3946368396282196, -0.1617054045200348, 0.005131810903549194]
[-0.16324445605278015, 0.849871039390564, 2.5984349250793457, 0.38459351658821106, -0.16933797299861908, -4.353374242782593e-05]
[-0.1479683518409729, 0.9234201908111572, 2.6417360305786133, 0.3916904628276825, -0.16790354251861572, 0.014413788914680481]
[-0.16563501954078674, 0.891913890838623, 2.614363193511963, 0.37747326493263245, -0.17219316959381104, 0.016390442848205566]
[-0.21684691309928894, 0.9279316663742065, 2.6439785957336426, 0.37088415026664734, -0.15601746737957, 0.013618558645248413]
[-0.21445906162261963, 0.836556077003479, 2.572397470474243, 0.3743062913417816, -0.18021419644355774, 0.020192459225654602]
[-0.2512171268463135, 0.920041561126709, 2.6130313873291016, 0.4054758846759796, -0.17563189566135406, 0.022958800196647644]
[-0.12348099797964096, 0.8557153940200806, 2.5890069007873535, 0.38197824358940125, -0.17229071259498596, 0.008082233369350433]
[-0.17012500762939453, 1.0060962438583374, 2.5977625846862793, 0.38277238607406616, -0.16468405723571777, 0.005450055003166199]
[-0.1104573979973793, 0.8750070333480835, 2.5892183780670166, 0.37479230761528015, -0.1569058895111084, 0.027069225907325745]
[-0.20779094099998474, 0.9033139944076538, 2.565882682800293, 0.40278223156929016, -0.1500881016254425, 0.034487269818782806]
[-0.15793070197105408, 0.8872030377388, 2.5593624114990234, 0.37770557403564453, -0.14937058091163635, 0.008716791868209839]
[-0.06739920377731323, 0.8212710618972778, 2.5564613342285156, 0.3899351954460144, -0.1558721363544464, 0.01525387167930603]
[-0.16817829012870789, 0.9267553091049194, 2.5620663166046143, 0.36321374773979187, -0.17363952100276947, 0.01113562285900116]
[-0.22141380608081818, 0.8908303380012512, 2.5797669887542725, 0.37529900670051575, -0.140670508146286, 0.00836743414402008]
[-0.17896884679794312, 0.8679677248001099, 2.5274927616119385, 0.39798063039779663, -0.16824424266815186, 0.013597235083580017]
[-0.21048898994922638, 0.9136747121810913, 2.6181671619415283, 0.3952004909515381, -0.16792741417884827, 0.023765750229358673]
[-0.20854336023330688, 0.8173568248748779, 2.5806467533111572, 0.3945380747318268, -0.16665048897266388, 0.023732706904411316]
[-0.17035669088363647, 0.9593253135681152, 2.5526514053344727, 0.39079606533050537, -0.1612074375152588, 0.013360768556594849]
[-0.23002436757087708, 0.8031198382377625, 2.6229066848754883, 0.37299296259880066, -0.17265526950359344, 0.02239050716161728]
[-0.2268851399421692, 0.9994755983352661, 2.586780309677124, 0.39010003209114075, -0.15502125024795532, 0.015265516936779022]
[-0.23406973481178284, 0.8945149183273315, 2.5544466972351074, 0.38405221700668335, -0.166250079870224, 0.01827416568994522]
[-0.27427878975868225, 0.9615418910980225, 2.6531822681427, 0.37527695298194885, -0.1903131604194641, 0.014980442821979523]
[-0.09346471726894379, 0.8663442134857178, 2.6260440349578857, 0.35656872391700745, -0.1772974580526352, 0.016602136194705963]
[-0.1854037642478943, 0.9254237413406372, 2.626702308654785, 0.38512346148490906, -0.1554594784975052, 0.01608222723007202]
[-0.1854037642478943, 0.9254237413406372, 2.626702308654785, 0.38512346148490906, -0.1554594784975052, 0.01608222723007202]
[-0.14872080087661743, 0.9385606646537781, 2.6175007820129395, 0.3949801027774811, -0.16573989391326904, 0.03530584275722504]
[-0.15403835475444794, 0.9450876712799072, 2.6134650707244873, 0.4148249924182892, -0.17194995284080505, 0.014959067106246948]
[-0.1627081036567688, 0.9111298322677612, 2.5555460453033447, 0.3823857605457306, -0.16044217348098755, 0.031994715332984924]
[-0.20052888989448547, 0.9950006008148193, 2.6300878524780273, 0.40344473719596863, -0.16894949972629547, 0.028974272310733795]
[-0.15126529335975647, 0.8791195750236511, 2.5970499515533447, 0.38260623812675476, -0.16522975265979767, 0.010860353708267212]
[-0.1696053296327591, 0.83852219581604, 2.6181676387786865, 0.40220871567726135, -0.15437771379947662, 0.02533307671546936]
[-0.1696053296327591, 0.83852219581604, 2.6181676387786865, 0.40220871567726135, -0.15437771379947662, 0.02533307671546936]
[-0.08238666504621506, 0.8655166625976562, 2.6051554679870605, 0.3875403106212616, -0.15229973196983337, 0.0190889909863472]
[-0.1504332721233368, 0.8941855430603027, 2.6000137329101562, 0.3823637068271637, -0.17837905883789062, 0.004802197217941284]
[-0.2227611243724823, 0.863799512386322, 2.629620313644409, 0.3915256857872009, -0.16886389255523682, 0.0207456573843956]
[-0.18278363347053528, 0.8477065563201904, 2.6280388832092285, 0.4227505624294281, -0.14969967305660248, 0.0026257336139678955]
[-0.001524476334452629, 0.8089821338653564, 2.6202139854431152, 0.4025733172893524, -0.1780267059803009, 0.00021669268608093262]
[-0.08604668825864792, 0.8916776180267334, 2.6426167488098145, 0.37265124917030334, -0.16920465230941772, 0.018268659710884094]
[-0.10588950663805008, 0.7941847443580627, 2.5542125701904297, 0.4025176167488098, -0.16728392243385315, 0.009808957576751709]
[-0.20958282053470612, 0.9047442674636841, 2.5620532035827637, 0.38198840618133545, -0.15195909142494202, 0.026454463601112366]
[-0.1665402501821518, 0.9208359718322754, 2.600673198699951, 0.41006696224212646, -0.18568319082260132, 0.01082734763622284]
[-0.08672132343053818, 0.9462073445320129, 2.532650947570801, 0.3743937909603119, -0.16812285780906677, 0.02426445484161377]
[-0.13471436500549316, 0.881627082824707, 2.637913465499878, 0.3872857689857483, -0.15239736437797546, 0.04976332187652588]
[-0.11847030371427536, 0.9028475284576416, 2.572376012802124, 0.39489075541496277, -0.1568940281867981, 0.01580101251602173]
[-0.1631704866886139, 0.9069041609764099, 2.5919017791748047, 0.36517760157585144, -0.18605971336364746, 0.00676736980676651]
[-0.2051725834608078, 0.8298220634460449, 2.568337917327881, 0.38001230359077454, -0.16729585826396942, -0.020968154072761536]
[-0.16376805305480957, 0.8872032165527344, 2.595961093902588, 0.4010492265224457, -0.1513274908065796, 0.011452101171016693]
[-0.16376805305480957, 0.8872032165527344, 2.595961093902588, 0.4010492265224457, -0.1513274908065796, 0.011452101171016693]
[-0.38845646381378174, 0.9290515184402466, 2.6349668502807617, 0.3874419331550598, -0.15425604581832886, 0.02676105499267578]
[-0.185482457280159, 0.8588210344314575, 2.627354145050049, 0.3769551217556, -0.18417680263519287, 0.010885611176490784]
[-0.26693886518478394, 0.9039120674133301, 2.5284223556518555, 0.39304760098457336, -0.17282474040985107, 0.017151087522506714]
[-0.19806307554244995, 0.8543654680252075, 2.634321451187134, 0.3972199559211731, -0.16022321581840515, 0.015255928039550781]
[-0.1722254455089569, 0.8685847520828247, 2.606729507446289, 0.38461536169052124, -0.1559816598892212, 0.03166685998439789]
[-0.09556401520967484, 0.8897297382354736, 2.5490403175354004, 0.3865126669406891, -0.17179249227046967, -0.003934632986783981]
[-0.11097826808691025, 0.9577399492263794, 2.5739352703094482, 0.38497868180274963, -0.1763870120048523, 0.02981431782245636]
[-0.039633311331272125, 0.8953434228897095, 2.614584445953369, 0.38001224398612976, -0.13960066437721252, 0.02595599740743637]
[-0.1472950577735901, 0.945144534111023, 2.6399426460266113, 0.370552659034729, -0.15992039442062378, 0.004030309617519379]
[-0.12213469296693802, 0.8980117440223694, 2.586766481399536, 0.36315783858299255, -0.15182746946811676, 0.006751909852027893]
[-0.20779088139533997, 0.9050700664520264, 2.6446614265441895, 0.39677906036376953, -0.16617822647094727, -0.008054785430431366]
[-0.1967112421989441, 0.9069991111755371, 2.568610668182373, 0.3935116231441498, -0.14039160311222076, 0.02785906195640564]
[-0.14062853157520294, 0.80958092212677, 2.5854015350341797, 0.38792675733566284, -0.16257989406585693, 0.012483999133110046]
[-0.08635524660348892, 0.863240122795105, 2.5779950618743896, 0.3788754642009735, -0.188635915517807, 0.006755664944648743]
[-0.1729779690504074, 0.9071925282478333, 2.6022391319274902, 0.3929482400417328, -0.16575191915035248, 0.03968791663646698]
[0.0040993038564920425, 0.8829975128173828, 2.6134560108184814, 0.40505677461624146, -0.17338450253009796, 0.016856178641319275]
[-0.1921461522579193, 0.9359978437423706, 2.6264688968658447, 0.3868218660354614, -0.1832045316696167, 0.014220237731933594]
[-0.10677751153707504, 0.8877643346786499, 2.6119112968444824, 0.3769432604312897, -0.17931383848190308, 0.018782570958137512]
[-0.1499151885509491, 0.9089846611022949, 2.6147754192352295, 0.38813528418540955, -0.17834153771400452, 0.007574237883090973]
[-0.06539034098386765, 0.9181506037712097, 2.5966196060180664, 0.40101704001426697, -0.18652185797691345, 0.0045968592166900635]
[-0.0929429680109024, 0.8713430166244507, 2.604482650756836, 0.37068530917167664, -0.15328405797481537, -0.009131669998168945]
[-0.09990153461694717, 0.9253498315811157, 2.604921817779541, 0.3942951560020447, -0.15905554592609406, 0.01364404708147049]
[-0.29853710532188416, 0.845990777015686, 2.632324695587158, 0.3849462568759918, -0.1520327627658844, 0.005335777997970581]
[-0.3069187104701996, 0.8232029676437378, 2.637021541595459, 0.3851330578327179, -0.18111282587051392, 0.010047554969787598]
[-0.050710469484329224, 0.906693696975708, 2.632303237915039, 0.3981025218963623, -0.16698110103607178, 0.0006840825080871582]
[-0.12355805188417435, 0.8115289211273193, 2.5809366703033447, 0.3835218548774719, -0.17699474096298218, 0.020214185118675232]
[-0.09870351105928421, 0.8944971561431885, 2.6049225330352783, 0.38873162865638733, -0.15887442231178284, 0.015515923500061035]
[-0.24784770607948303, 0.895866334438324, 2.6212902069091797, 0.39182248711586, -0.156381756067276, 0.0067752450704574585]
[-0.2331847846508026, 0.8835757970809937, 2.5851688385009766, 0.3928487300872803, -0.17462381720542908, -0.015473086386919022]
[-0.24403116106987, 0.8927607536315918, 2.590092420578003, 0.40507838129997253, -0.1649988889694214, 0.02208605408668518]
[-0.18068253993988037, 0.954310417175293, 2.534879446029663, 0.37282729148864746, -0.16084261238574982, -0.0029026679694652557]
[-0.17289859056472778, 0.9031023383140564, 2.5959551334381104, 0.3799900412559509, -0.17060121893882751, 0.019147351384162903]
[-0.17297545075416565, 0.9069231748580933, 2.6125645637512207, 0.3890618681907654, -0.16984815895557404, 0.032809436321258545]
[-0.14205297827720642, 0.8718832731246948, 2.5467779636383057, 0.379107266664505, -0.15057441592216492, 0.022404253482818604]
[-0.15209099650382996, 0.9643229246139526, 2.581829071044922, 0.3787424862384796, -0.17658032476902008, 0.013316109776496887]
[-0.1974639594554901, 0.8964443802833557, 2.6183974742889404, 0.37346673011779785, -0.1405109167098999, 0.01990954577922821]
[-0.1326911747455597, 0.8643965125083923, 2.650251865386963, 0.40621528029441833, -0.17312759160995483, 0.02209772914648056]
[-0.1649625301361084, 0.8490574359893799, 2.587660074234009, 0.38014456629753113, -0.16232508420944214, 0.027011245489120483]
[-0.2611018121242523, 0.888610303401947, 2.5918867588043213, 0.4112253487110138, -0.1628468930721283, 0.015514031052589417]
[-0.13673648238182068, 0.9306703805923462, 2.5984079837799072, 0.39100539684295654, -0.16604486107826233, 0.020995929837226868]
[-0.22074061632156372, 0.8234935998916626, 2.6181468963623047, 0.3813137114048004, -0.16328544914722443, -0.0039563290774822235]
[-0.08020976930856705, 0.8593432903289795, 2.630537509918213, 0.3774404227733612, -0.16203418374061584, 0.0034541338682174683]
[-0.139878511428833, 0.9663268327713013, 2.6105406284332275, 0.3807516098022461, -0.17458617687225342, 0.015015557408332825]
[-0.21985112130641937, 0.9293196201324463, 2.574850082397461, 0.4016017019748688, -0.1650964319705963, 0.018024124205112457]
[-0.16197648644447327, 0.9075013399124146, 2.63993501663208, 0.3804745674133301, -0.16544906795024872, 0.01909095048904419]
[-0.1434021145105362, 0.9487712383270264, 2.6208717823028564, 0.3984992802143097, -0.1603706181049347, 0.010022342205047607]
[-0.09720096737146378, 0.9281433820724487, 2.620204448699951, 0.3746586740016937, -0.14548198878765106, 0.016852453351020813]
[-0.2490430772304535, 0.9476703405380249, 2.5948450565338135, 0.3732563853263855, -0.15407492220401764, 0.022927850484848022]
[-0.10057342797517776, 0.8396230340003967, 2.6329798698425293, 0.3791727125644684, -0.15500906109809875, 0.0007035583257675171]
[-0.19266724586486816, 0.8765923976898193, 2.6381683349609375, 0.3838309347629547, -0.15295493602752686, 0.01502719521522522]
[-0.24125906825065613, 0.8858522176742554, 2.5901339054107666, 0.377605140209198, -0.1574399769306183, 0.025083035230636597]
[-0.08620181679725647, 0.9161449670791626, 2.6461963653564453, 0.39897477626800537, -0.18248552083969116, 0.019886285066604614]
[-0.18892863392829895, 0.8760511875152588, 2.605137825012207, 0.38901761174201965, -0.16554483771324158, 0.0006938725709915161]
[-0.06822500377893448, 0.8445256352424622, 2.621323347091675, 0.3966120183467865, -0.1630423218011856, -0.004774507135152817]
[-0.19632881879806519, 0.7977927923202515, 2.6075925827026367, 0.38298001885414124, -0.15423187613487244, 0.014994189143180847]
[-0.18690776824951172, 0.8841912746429443, 2.5912563800811768, 0.380938321352005, -0.15949410200119019, 0.022902771830558777]
[-0.13808545470237732, 0.8754719495773315, 2.6089415550231934, 0.3893384039402008, -0.1643911600112915, 0.02152937650680542]
[-0.12804919481277466, 0.9242469072341919, 2.5892186164855957, 0.3905743658542633, -0.16083095967769623, 0.03334495425224304]
[-0.1507430225610733, 0.9378689527511597, 2.5912556648254395, 0.3779248297214508, -0.15964145958423615, 0.02040807157754898]
[-0.21655812859535217, 0.8649367690086365, 2.6042234897613525, 0.39260581135749817, -0.1683657169342041, 0.0062339529395103455]
[-0.21969744563102722, 0.9141590595245361, 2.624892234802246, 0.38778138160705566, -0.16255605220794678, 0.00784212350845337]
[-0.18249370157718658, 0.8531877994537354, 2.606032133102417, 0.39222922921180725, -0.16107386350631714, 0.0009573996067047119]
[-0.1441533863544464, 0.9119752645492554, 2.60133695602417, 0.3968657851219177, -0.19472426176071167, 0.00670730322599411]
[-0.17290031909942627, 0.8899972438812256, 2.5874156951904297, 0.3783343732357025, -0.16468176245689392, 0.02761269360780716]
[-0.0810379683971405, 0.8805255889892578, 2.6165904998779297, 0.4016220271587372, -0.16513432562351227, 0.020210474729537964]
[-0.17544293403625488, 0.8579170107841492, 2.6293835639953613, 0.3802538812160492, -0.16072121262550354, 0.022664211690425873]
[-0.19596292078495026, 0.8359761238098145, 2.557096481323242, 0.37671178579330444, -0.15926259756088257, 0.01527741551399231]
[-0.12228711694478989, 0.9022168517112732, 2.611886739730835, 0.3873843848705292, -0.16767266392707825, 0.03115476667881012]
[-0.1493188589811325, 0.9471287727355957, 2.580946207046509, 0.3967883884906769, -0.17888933420181274, 0.01716098189353943]
[-0.17627286911010742, 0.893568754196167, 2.6031079292297363, 0.4058060050010681, -0.1653870940208435, 0.03355015814304352]
[-0.09159683436155319, 0.8618499040603638, 2.606940746307373, 0.38609275221824646, -0.16523194313049316, 0.018557637929916382]
[-0.11232758313417435, 0.8304001092910767, 2.599775791168213, 0.38662245869636536, -0.17314140498638153, 0.018547892570495605]
[-0.1838233917951584, 0.8745683431625366, 2.5977463722229004, 0.3803865611553192, -0.18055498600006104, 0.012257248163223267]
[-0.1433267593383789, 0.8582598567008972, 2.589203119277954, 0.3658611476421356, -0.15801167488098145, 0.016119517385959625]
[-0.13883692026138306, 0.8624477386474609, 2.587401866912842, 0.3780897557735443, -0.15428026020526886, 0.010660737752914429]
[-0.17103150486946106, 0.9056282639503479, 2.599306583404541, 0.3826269805431366, -0.17419752478599548, 0.02431119978427887]
[-0.18330547213554382, 0.9314459562301636, 2.594808578491211, 0.4065241515636444, -0.1662021428346634, 0.02073425054550171]
[-0.18330547213554382, 0.9314459562301636, 2.594808578491211, 0.4065241515636444, -0.1662021428346634, 0.02073425054550171]
Stopping torque control...
